0 0 0 0 0 0 69 74 0 0 0 0 0 0 0
0 0 0 157 0 0 0 0 142 81 104 0 0 0 0
0 0 0 0 126 135 0 0 130 0 0 0 0 0 0
0 157 0 0 150 0 0 0 74 0 0 110 0 0 103
0 0 126 150 0 0 0 0 174 0 0 0 0 0 137
0 0 135 0 0 0 0 0 0 0 68 0 0 0 0
69 0 0 0 0 0 0 99 0 0 0 193 115 0 0
74 0 0 0 0 0 99 0 0 69 0 0 0 76 0
0 142 130 74 174 0 0 0 0 0 0 0 0 0 0
0 81 0 0 0 0 0 69 0 0 0 0 80 85 0
0 104 0 0 0 68 0 0 0 0 0 0 0 0 0
0 0 0 110 0 0 193 0 0 0 0 0 90 0 156
0 0 0 0 0 0 115 0 0 80 0 90 0 0 0
0 0 0 0 0 0 0 76 0 85 0 0 0 0 0
0 0 0 103 137 0 0 0 0 0 0 156 0 0 0
