100
0 18
0 56
0 51
0 32
0 78
0 83
0 69
0 3
0 88
0 49
0 0
0 20
0 36
0 52
0 47
0 95
0 19
0 57
0 82
0 61
1 78
1 65
1 82
1 89
1 97
1 58
1 47
1 99
1 35
1 5
1 73
1 76
1 25
1 29
1 7
1 84
1 9
1 34
1 79
2 33
2 58
2 11
3 36
3 83
3 42
3 7
3 28
3 88
3 31
3 76
3 97
4 26
4 7
5 18
6 40
6 6
6 39
6 45
6 83
6 30
6 60
6 12
6 71
6 95
6 26
6 27
6 77
6 21
6 65
6 2
6 38
6 94
6 70
6 62
7 9
7 88
7 5
7 19
7 8
7 94
7 68
7 11
7 62
7 61
7 3
7 83
7 52
7 82
7 65
8 5
8 31
8 83
8 93
8 46
8 74
9 84
9 90
9 89
9 29
9 10
9 31
9 33
9 3
9 48
9 67
9 39
9 50
9 57
10 3
10 25
10 59
10 82
10 22
10 36
10 61
10 75
10 95
10 9
10 16
11 77
11 21
11 53
11 48
11 72
11 22
11 8
11 82
11 24
11 88
11 11
11 90
11 36
11 33
11 12
12 37
12 45
12 73
12 32
12 16
12 8
12 98
13 41
14 8
15 7
15 15
15 28
15 29
15 77
15 53
15 73
15 87
15 85
15 11
15 24
15 16
15 13
15 58
16 20
16 25
16 12
16 15
16 22
16 46
16 44
16 95
16 49
16 5
16 52
16 50
16 87
17 59
17 52
17 31
17 26
17 81
17 96
17 0
17 7
17 51
17 91
17 4
17 85
17 72
17 93
17 89
17 2
18 75
19 20
19 11
19 41
19 40
20 34
20 67
20 94
20 55
20 81
20 38
20 7
20 73
20 15
20 66
20 54
20 1
20 35
20 59
20 12
20 65
20 25
21 41
21 71
21 57
21 39
21 91
21 53
21 43
21 67
21 73
21 13
21 2
22 96
22 58
22 3
22 37
22 5
22 8
22 60
23 86
23 93
23 43
23 31
23 84
23 36
23 68
23 6
23 72
23 78
23 9
24 43
24 93
24 15
24 41
24 61
24 38
24 32
24 67
24 65
24 50
24 42
25 57
25 53
25 80
25 65
25 95
25 30
25 69
25 61
25 12
25 44
25 19
25 99
25 43
25 32
25 13
25 4
25 54
25 68
26 41
26 6
26 13
26 66
26 84
26 71
27 8
27 21
27 71
27 99
27 6
27 12
27 48
27 78
27 73
27 91
27 42
27 80
27 74
27 23
27 1
27 62
27 17
27 95
28 20
28 77
28 63
28 85
28 72
28 32
29 33
29 53
30 23
30 30
30 79
30 22
30 87
30 77
30 96
30 48
30 60
30 92
30 17
30 38
30 26
30 89
30 11
30 35
31 2
31 44
31 74
31 6
31 19
31 34
31 76
31 67
31 8
31 32
31 86
31 48
31 24
31 4
31 23
31 7
31 72
31 40
31 64
32 26
32 15
32 56
32 52
32 60
32 62
32 55
32 57
32 31
32 68
33 46
33 50
33 13
33 37
33 61
33 73
33 4
33 10
33 40
33 67
33 31
34 8
34 13
34 12
34 80
34 49
34 37
34 91
34 54
35 43
36 17
36 30
36 63
36 83
36 56
36 78
37 64
37 94
37 97
37 67
37 75
37 57
37 70
37 66
37 36
37 27
37 40
37 79
37 46
37 72
37 35
38 65
38 74
38 21
38 29
38 9
39 48
39 19
39 4
39 88
39 92
39 21
39 64
39 99
39 59
39 81
39 49
39 27
39 70
40 42
40 30
40 87
40 44
40 61
40 26
40 98
40 38
40 66
41 9
41 98
41 80
41 4
42 73
42 76
42 10
42 94
42 98
42 26
42 67
42 24
42 39
42 34
42 81
42 48
42 62
42 17
42 28
42 75
42 36
42 2
43 11
43 57
43 0
43 41
43 87
43 49
44 36
44 90
44 14
44 10
44 31
44 41
44 30
44 81
44 45
44 50
44 93
44 43
44 59
44 67
44 72
44 88
44 15
44 22
44 40
44 18
45 17
45 4
45 36
45 16
45 58
45 57
45 87
45 19
45 29
45 49
45 51
45 73
45 27
45 90
45 79
45 97
45 41
45 84
45 77
45 5
46 95
46 78
46 14
46 21
46 29
46 37
46 46
46 82
46 10
46 70
46 67
46 54
46 45
46 97
46 64
46 53
46 77
46 83
46 48
46 40
47 48
47 41
47 93
47 87
47 26
47 80
47 10
47 58
47 20
47 51
47 29
47 40
47 37
47 5
47 18
47 13
47 15
47 6
48 8
48 78
48 38
48 81
48 48
48 99
48 80
49 81
49 40
49 14
49 66
49 59
49 39
50 69
50 93
50 91
50 23
50 44
50 10
50 2
50 19
50 78
51 60
51 18
51 88
51 40
51 28
51 45
51 43
51 41
51 15
51 46
51 54
51 53
51 65
51 0
51 92
51 50
52 38
52 88
52 0
52 8
52 11
53 51
53 23
53 59
53 60
53 99
53 78
53 91
53 50
53 6
53 44
53 34
53 88
53 76
53 69
53 28
53 83
54 63
54 68
54 81
54 34
54 24
54 60
54 46
54 29
54 28
54 1
54 20
55 23
55 20
55 84
55 36
55 65
55 18
55 43
55 85
55 55
55 32
55 48
55 72
55 17
55 70
55 33
55 27
55 12
55 87
56 12
56 86
56 69
56 72
56 1
56 35
56 87
56 40
56 21
56 61
56 81
56 51
57 42
57 58
57 17
57 19
57 59
57 61
57 75
57 14
57 6
57 95
57 41
57 38
57 34
58 7
58 42
58 83
58 79
58 52
59 34
59 64
59 7
59 96
59 2
59 45
59 8
59 49
59 11
59 65
59 1
59 83
59 9
59 57
59 19
59 5
59 15
59 67
59 23
59 21
60 71
60 63
60 35
60 23
60 74
60 44
60 87
60 20
60 21
60 15
60 92
60 62
61 70
61 41
61 21
61 58
61 72
61 87
61 4
61 48
61 89
61 94
61 62
61 46
61 76
61 67
61 57
61 19
62 76
62 69
62 31
63 69
63 33
63 59
63 15
63 23
63 32
63 40
63 28
63 30
63 26
63 7
63 45
63 54
64 63
64 25
64 37
64 46
64 75
64 41
65 55
65 87
65 59
65 72
65 32
65 79
66 42
66 34
67 38
67 25
67 23
67 34
67 24
68 46
68 38
68 92
68 7
68 5
69 92
69 16
69 28
69 42
69 3
70 56
70 33
70 23
70 0
70 98
70 43
70 3
70 65
70 63
70 45
70 54
70 15
71 19
71 93
72 67
72 87
72 6
72 56
72 14
72 5
72 79
72 33
72 61
72 54
72 94
72 43
72 52
73 23
73 51
73 72
73 4
73 94
73 96
73 41
73 0
73 71
74 89
74 69
74 72
74 27
75 65
76 73
76 43
76 40
76 42
76 23
76 93
76 86
76 55
76 70
76 77
76 74
76 69
76 34
77 44
77 69
78 42
79 63
79 11
79 47
79 92
79 74
79 6
79 5
79 94
79 34
79 80
79 44
79 67
79 53
79 10
80 15
80 32
80 78
80 42
81 0
81 15
81 17
81 45
81 49
81 68
81 62
81 20
81 51
81 70
81 40
81 89
81 13
81 85
82 45
82 34
82 9
82 19
82 98
82 85
82 37
82 17
82 23
82 59
82 36
82 41
82 73
82 32
82 92
83 91
83 82
84 75
84 88
84 39
84 6
85 92
85 59
85 5
85 38
85 73
85 99
85 65
85 70
86 33
86 92
86 13
86 2
86 60
86 48
86 64
86 55
86 30
86 90
86 51
87 61
87 47
87 45
87 89
87 92
87 6
87 68
87 15
88 43
88 37
89 60
89 15
89 73
90 73
90 71
90 32
90 69
90 48
90 83
90 25
90 2
90 41
90 97
90 39
91 95
91 44
91 34
91 55
91 96
91 50
91 74
91 90
91 29
91 6
91 23
91 92
91 81
91 12
91 71
91 97
91 86
91 35
91 10
92 70
92 94
92 42
92 9
92 87
93 84
93 93
93 74
93 63
93 41
93 30
93 44
93 97
93 67
93 48
93 73
93 58
93 29
93 47
93 27
93 66
93 54
93 60
93 25
94 90
94 68
94 35
94 4
94 24
94 53
94 5
95 53
95 57
95 19
95 11
95 0
95 48
95 39
95 70
95 33
95 84
95 74
95 5
95 20
95 91
95 95
96 41
97 32
97 19
97 57
97 41
97 4
97 79
97 40
97 28
97 58
97 64
97 83
97 80
97 54
97 96
97 52
97 17
98 61
98 66
98 38
98 6
98 14
98 7
98 12
98 71
98 62
98 41
98 97
98 16
98 49
98 96
99 38
99 13
99 78
99 43
99 34
99 40
99 19
99 59
99 54
99 65
99 22
99 80
99 55
99 70
